60,35
35,1
35,3
10,73
10,275
10,186
10,21
10,302
10,5
10,243
10,25
10,3
11,14
11,15
11,29
11,8
11,23
11,20
11,2
11,3
9,4
9,6
9,2
9,3
8,11
8,16
8,9
8,18
8,6
8,1
8,13
8,2
8,3
12,2
12,1
12,3
20,2
20,1
20,3
19,2
19,1
19,3
59,5
59,4
59,3
59,2
59,1
59,0
56,3
56,2
56,1
56,0
55,5
55,4
55,3
55,2
18,1
55,1
55,0
52,3
18,3
52,2
52,1
52,0
24,3
14,1
24,2
24,1
14,3
11,17
11,12
11,10
13,1
11,6
11,1
13,3
11,4
10,242
10,185
10,133
10,1
10,116
2,2
2,1
10,2
9,1
2,3
9,7
3,3
3,2
3,1
0,472
0,278
0,273
0,270
0,9
0,0
60,34
60,33
60,32
60,31
60,30
60,29
60,28
60,27
60,26
